1 0.091981 0.234906 0.146226 0.275472
1 0.091981 0.861792 0.146226 0.276415
1 0.710495 0.214151 0.180425 0.309434
1 0.615566 0.470755 0.108491 0.233962
1 0.931604 0.854245 0.108491 0.291509
1 0.849057 0.808962 0.129717 0.382075
1 0.714623 0.888208 0.117925 0.223584
1 0.558962 0.803302 0.212264 0.393396
1 0.541274 0.927830 0.058962 0.144340
1 0.377358 0.858019 0.169811 0.283962
1 0.256486 0.867453 0.104953 0.265094
1 0.247642 0.352358 0.353774 0.704716
1 0.489387 0.344811 0.285377 0.689622
1 0.931604 0.458491 0.136792 0.235849